m3/backports/compatibility_policy.py	3fbe65ee5d3130858d114b0637207585e0cb20c2b5008def8c3dc6607f042d41	61a4555f7f97571bba36b2fd6cad63bc0ca5e8ba496f813f85569bf927c5a5db	target-1.txt
m3/backports/test_compatibility_policy.py	10d8d11da8b4dd6772875cb3ba5c1f2c0732e307cdd5c983a96811b9c9f5180d	45f7cfac63f7d553ff80bd8448dcfea994c9c43af9cff6afe0af5fd326243a04	target-2.txt
